Data = [
0	0	0	0
1	2.60E-04	0.03877	3.73188
2	0.00135	0.13027	6.59355
3	0.00481	0.26893	7.86714
4	0.01074	0.40488	7.24048
5	0.01894	0.52167	5.71943
6	0.02895	0.60453	3.80453
7	0.04004	0.65448	2.6763
8	0.0518	0.69795	3.51187
9	0.06441	0.77706	7.12118
10	0.07892	0.94652	13.15536
11	0.09745	1.23627	19.44285
12	0.12208	1.62521	24.00444
13	0.15418	2.07418	26.70373
14	0.19448	2.55734	28.3279
15	0.24344	3.06302	29.43775
16	0.3014	3.58492	30.24586
17	0.36858	4.1188	30.82439
18	0.44517	4.66089	31.2163
19	0.53128	5.20845	31.44839
20	0.62698	5.75865	31.49266
21	0.73229	6.30775	31.24221
22	0.84716	6.8492	30.347
23	0.97137	7.36706	27.8088
24	1.10432	7.81991	22.3814
25	1.24434	8.14832	14.87523
26	1.38875	8.33916	8.14122
27	1.53543	8.4325	3.60627
28	1.6831	8.46504	0.6789
29	1.83092	8.4562	-1.38129
30	1.97828	8.41682	-2.92765
31	2.12472	8.35401	-4.14136
32	2.26989	8.27226	-5.14174
33	2.41348	8.17452	-5.98345
34	2.55523	8.0634	-6.6958
35	2.69494	7.9408	-7.32126
36	2.83242	7.80784	-7.88666
37	2.96749	7.6655	-8.3846
38	3.09999	7.51516	-8.82455
39	3.22982	7.35747	-9.23776
40	3.35682	7.19271	-9.61298
41	3.48089	7.02191	-9.95216
42	3.60193	6.84531	-10.28353
43	3.71983	6.66295	-10.59272
44	3.83451	6.47555	-10.87438
45	3.94587	6.28336	-11.15243
46	4.05384	6.08626	-11.41974
47	4.15832	5.88474	-11.66273
48	4.25926	5.67915	-11.90102
49	4.35656	5.46931	-12.13643
50	4.45017	5.25551	-12.35318
51	4.54002	5.0381	-12.56574
52	4.62603	4.81689	-12.77797
53	4.70816	4.59207	-12.97983
54	4.78633	4.36381	-13.17169
55	4.86048	4.13229	-13.3568
56	4.93057	3.89757	-13.5421
57	4.99653	3.65958	-13.72126
58	5.05832	3.4186	-13.89053
59	5.11587	3.17471	-14.05492
60	5.16913	2.92799	-14.21265
61	5.21807	2.6786	-14.3711
62	5.26264	2.42635	-14.528
63	5.30277	2.17147	-14.66113
64	5.33843	1.91458	-14.78232
65	5.3696	1.65547	-14.92348
66	5.39622	1.39365	-15.06153
67	5.41825	1.12973	-15.1707
68	5.43565	0.86409	-15.27431
69	5.44841	0.59655	-15.37352
70	5.45648	0.32746	-15.46421
71	5.45984	0.05675	-15.55042
72	5.45846	-0.21536	-15.62024
73	5.45232	-0.4885	-15.68013
74	5.44141	-0.7627	-15.73023
75	5.4257	-1.03759	-15.7638
76	5.40519	-1.31296	-15.79301
77	5.37987	-1.58887	-15.82198
78	5.34973	-1.86525	-15.83093
79	5.31476	-2.14147	-15.80979
80	5.27498	-2.41711	-15.78206
81	5.23039	-2.69237	-15.75453
82	5.18099	-2.96705	-15.70384
83	5.12682	-3.24054	-15.63049
84	5.06788	-3.51266	-15.55001
85	5.0042	-3.78334	-15.45676
86	4.93581	-4.0522	-15.34167
87	4.86275	-4.31886	-15.2079
88	4.78506	-4.58306	-15.05623
89	4.70277	-4.84442	-14.88567
90	4.61595	-5.10266	-14.69905
91	4.52466	-5.35752	-14.4901
92	4.42894	-5.60846	-14.26141
93	4.32888	-5.85533	-14.01811
94	4.22455	-6.09779	-13.74727
95	4.11603	-6.33521	-13.45339
96	4.00341	-6.5674	-13.13943
97	3.88679	-6.79386	-12.78965
98	3.76626	-7.01384	-12.41669
99	3.64196	-7.22728	-12.03166
100	3.51398	-7.43383	-11.6045
101	3.38247	-7.63236	-11.12763
102	3.24756	-7.82225	-10.61918
103	3.10942	-8.00303	-10.06409
104	2.9682	-8.17356	-9.43307
105	2.82411	-8.33231	-8.71307
106	2.67735	-8.4777	-7.89652
107	2.52818	-8.60795	-6.95847
108	2.37688	-8.7206	-5.8489
109	2.22377	-8.81212	-4.51786
110	2.06928	-8.8783	-2.88958
111	1.91386	-8.91298	-0.8037
112	1.75815	-8.90635	1.98314
113	1.60297	-8.84376	5.88383
114	1.44945	-8.70097	11.47627
115	1.29925	-8.44316	18.65037
116	1.15473	-8.04995	25.59456
117	1.01826	-7.54974	30.27653
118	0.89119	-6.9931	32.63138
119	0.77415	-6.41069	33.68601
120	0.66742	-5.81724	34.06066
121	0.57109	-5.22175	34.01461
122	0.48514	-4.6299	33.70197
123	0.40948	-4.04533	33.17667
124	0.34393	-3.47182	32.42289
125	0.28829	-2.91356	31.39643
126	0.24223	-2.37588	30.00751
127	0.20535	-1.8661	27.88475
128	0.17709	-1.40251	24.02438
129	0.1564	-1.02749	17.88522
130	0.14123	-0.7782	11.16538
131	0.12923	-0.63774	6.20054
132	0.11897	-0.56176	3.31586
133	0.10962	-0.522	1.69416
134	0.10075	-0.50262	0.7962
135	0.09208	-0.4942	0.32424
136	0.08349	-0.49131	0.0928
137	0.07493	-0.49096	1.87E-04
138	0.06636	-0.4913	-0.00225
139	0.05778	-0.49104	0.01672
140	0.04922	-0.49072	0.02816
141	0.04065	-0.49006	0.06519
142	0.03211	-0.48844	0.36415
143	0.0236	-0.47735	1.67339
144	0.01545	-0.43003	4.10548
145	0.00859	-0.33404	6.15989
146	0.00379	-0.21501	6.46542
147	0.00108	-0.10836	6.13328
];

Data = [Data;(148:359)', zeros(359-148+1,3)];
save Data